Time = 10
Temperature
   1.5575478    0.47388533

Pressure
   29.319465    0.10144677

CM Mom
2.2585036e-17  2.3282082e-17 
1.7257794e-17  2.9711821e-17 
2.1419304e-16  4.9537444e-16 
3.8412395e-16  3.8204195e-16 

CM Pos
15.457424      0.071190582   
15.457361      0.060049182   
16.000758      0.0042871666  
27.09039       0.075500108   

Stress
23.405       -0.0133532   0.00929503    1.03847      0.0138158    0.024846    
-0.0133532   23.3315      0.000836657   0.0138158    1.0367       0.0265637   
0.00929503   0.000836657  27.2041       0.024846     0.0265637    2.30897     

Stress Spherical
0            0            0             0            0            0           
0            0            0             0            0            0           
0            0            0             0            0            0           

Inertia
651.497      -238.938     -247.322      2.03555      1.94843      1.15616     
-238.938     651.616      -247.528      1.94843      2.40989      0.95092     
-247.322     -247.528     636.23        1.15616      0.95092      4.29178     

Bond Length
0.42980751    0.026143392 

HT bond length
0.55348057    0.069961659 

TT bond length
0.4050729     0.019501129 

Water EE distance
0             0           

Lipid EE distance
2.5038544     0.12997346  

HTT P2(x)
0.86548871    0.040329291 

HTT first bond length
0.41144164    0.026859796 

HTT second bond length
0.55348057    0.069961659 

HTT <phi**2>/<phi>**2
1.2690498     0.012762892 

TTT P2(x)
0.8431524     0.041042516 

TTT first bond length
0.40348071    0.020215415 

TTT second bond length
0.39617863    0.014097086 

TTT <phi**2>/<phi>**2
1.2754801     0.012989078 

Time = 20
Temperature
1.8499107     0.043657804 

Pressure
28.482424     0.5023781   

CM Mom
2.7055411e-17  1.8669172e-17 
1.7367514e-17  3.178206e-17  
-2.7385913e-16 8.2576507e-16 
6.5716657e-16  5.7219852e-16 

CM Pos
15.695154      0.064282274   
15.692584      0.06640521    
15.998707      0.0020833545  
27.359764      0.074613997   

Stress
22.5771      -0.00733911  0.01154       0.159936     0.0249826    0.0186074   
-0.00733911  22.5483      0.0130716     0.0249826    0.139148     0.0166706   
0.01154      0.0130716    23.6728       0.0186074    0.0166706    0.96725     

Stress Spherical
0            0            0             0            0            0           
0            0            0             0            0            0           
0            0            0             0            0            0           

Inertia
659.471      -246.056     -251.075      2.32135      2.02156      1.0293      
-246.056     659.7        -251.247      2.02156      2.25546      1.07166     
-251.075     -251.247     651.936       1.0293       1.07166      4.4108      

Bond Length
0.4973816     0.020933727 

HT bond length
0.57008425    0.017559564 

TT bond length
0.48284107    0.022053755 

Water EE distance
0             0           

Lipid EE distance
2.8474679     0.1156943   

HTT P2(x)
0.78533085    0.025642902 

HTT first bond length
0.46004632    0.014790598 

HTT second bond length
0.57008425    0.017559564 

HTT <phi**2>/<phi>**2
1.2618367     0.01049029  

TTT P2(x)
0.84374577    0.0041447703

TTT first bond length
0.48853975    0.028913541 

TTT second bond length
0.46879686    0.027921522 

TTT <phi**2>/<phi>**2
1.2814113     0.0047153862

